0.665610 0.913715
0.570615 0.600957
0.470177 0.610265
0.548400 0.604504
0.548112 0.612048
0.804825 0.901778
0.131430 0.202866
0.567399 0.613400
0.631399 0.917762
0.148899 0.217941
0.101454 0.210800
0.994190 0.906304
0.878682 0.904441
0.747746 0.901764
0.328617 0.616997
0.254375 0.613041
0.295619 0.612847
0.118894 0.215135
0.548253 0.600830
0.519237 0.603636
0.082941 0.218026
0.659666 0.918043
0.596978 0.606713
0.808316 0.903999
0.408932 0.601183
0.719804 0.904487
0.892573 0.903969
0.063285 0.218662
0.441412 0.610538
0.513334 0.609605
0.847303 0.914988
0.531253 0.611966
0.731094 0.905733
0.563371 0.619736
0.686940 0.918004
0.690549 0.902748
0.123582 0.204459
0.330733 0.600070
0.474754 0.619382
0.151810 0.202116
0.477704 0.613822
0.430208 0.606133
0.275776 0.612861
0.675204 0.916275
0.841633 0.918482
0.184176 0.216543
0.886537 0.910683
0.828258 0.903526
0.923395 0.914326
0.122725 0.215707
