0.924865 0.918972
0.892433 0.901671
0.592027 0.608475
0.530088 0.602606
0.191997 0.208891
0.221039 0.609101
0.024767 0.201715
0.710008 0.908425
0.512634 0.614684
0.358996 0.601151
0.783102 0.911782
0.657913 0.912420
0.970735 0.907256
0.759787 0.907374
0.572047 0.613211
0.314391 0.601715
0.474066 0.614358
0.590610 0.608949
0.642378 0.903641
0.178540 0.206468
0.815873 0.903912
0.114301 0.201972
0.038933 0.205511
0.572822 0.616413
0.330805 0.607393
0.288484 0.606096
0.777582 0.910980
0.258419 0.602143
0.783809 0.914143
0.828565 0.904761
0.545479 0.618375
0.592696 0.618909
0.167260 0.219500
0.055920 0.208324
0.023363 0.216191
0.687205 0.919475
0.804964 0.918977
0.538596 0.619764
0.749014 0.906923
0.974391 0.907540
0.193314 0.201518
0.465958 0.603933
0.933578 0.919009
0.215951 0.602070
0.528970 0.603394
0.543648 0.616257
0.253062 0.608435
0.900870 0.908894
0.342776 0.617847
0.813756 0.917904
